2
6
4
2
2
2
4
6
5
25
5
9
3
8
3
3
4
14
4
9
4
12
4
4
5
2
4
5
15
2
2
2
2
2
1
17
20
4
3
4
15
8
36
2
2
12
1
2
1
8
4
3
3
6
2
9
2
37
5
2
4
6
3
1
6
12
1
5
8
1
6
2
2
14
4
4
4
7
16
12
15
3
15
3
3
21
4
2
7
12
1
15
2
17
10
4
12
11
6
1
12
2
12
4
3
4
2
2
1
8
2
6
2
6
4
1
10
6
2
1
4
10
22
19
12
6
4
12
11
1
3
1
2
1
5
35
2
1
4
18
2
6
4
36
2
3
2
3
5
6
4
15
2
3
75
3
92
3
12
3
3
3
2
12
3
4
6
1
1
1
5
12
4
3
6
5
1
6
3
6
4
2
5
4
6
1
32
1
1
2
25
10
4
4
1
2
2
2
1
3
8
2
3
1
4
2
4
8
2
2
4
15
2
7
8
3
3
15
1
4
1
21
1
8
2
12
20
5
4
1
6
36
8
10
2
1
4
3
16
6
3
1
11
5
5
7
12
34
3
5
4
9
3
4
4
2
5
10
4
2
11
6
50
24
3
12
1
4
4
10
5
4
3
83
1
6
10
2
6
1
1
1
19
1
2
1
13
4
11
6
3
11
2
3
2
6
3
2
2
2
2
2
4
1
6
1
1
1
2
6
48
21
4
16
1
2
8
7
24
11
1
2
3
2
15
3
15
2
2
6
2
1
12
11
2
4
2
5
7
2
7
2
2
10
1
6
2
10
1
2
1
34
4
8
9
4
2
42
1
4
9
5
14
6
3
10
3
1
3
20
6
18
1
2
5
25
2
40
1
2
3
3
9
13
5
20
1
6
3
3
10
19
4
12
4
41
2
9
24
7
6
4
1
10
24
5
3
8
4
6
3
31
40
2
75
12
2
16
34
10
8
3
4
1
3
10
4
5
8
1
2
3
1
11
4
11
5
4
4
3
4
3
7
7
13
1
7
42
45
10
3
4
2
5
2
3
5
3
2
3
2
4
9
86
2
20
12
1
4
4
2
2
3
2
3
6
7
1
3
2
6
2
2
1
6
6
22
2
4
8
3
1
3
2
1
3
3
8
2
4
70
6
1
4
6
4
2
9
6
10
3
2
10
3
1
1
14
2
45
4
17
1
10
1
4
2
6
1
9
6
1
1
2
2
4
2
3
9
4
10
1
1
5
2
5
75
2
3
7
1
6
4
14
17
19
12
6
11
3
10
2
8
2
6
7
6
15
12
4
18
20
12
3
5
2
18
7
18
1
3
3
4
7
7
1
1
7
4
3
1
2
2
3
19
4
2
9
8
3
35
2
9
86
4
4
20
1
1
3
2
11
6
2
13
8
12
6
13
6
7
5
3
5
2
2
1
1
4
1
2
4
2
14
6
4
2
2
2
5
1
8
17
5
1
22
6
1
1
3
8
1
10
18
8
26
2
4
12
8
2
7
1
2
3
2
3
8
8
2
3
8
6
3
37
19
22
10
2
2
7
2
8
6
33
3
4
13
8
1
6
2
2
1
4
3
6
10
20
6
4
6
3
2
8
5
6
1
3
1
2
11
5
1
4
1
6
1
4
6
2
60
6
62
1
6
6
48
1
3
5
2
1
2
25
5
31
7
15
10
8
6
1
3
2
2
4
3
22
1
3
4
2
8
3
3
4
25
34
7
11
19
3
3
11
10
2
2
3
2
8
2
5
8
10
10
3
3
2
14
28
9
9
3
2
12
14
4
2
2
5
3
4
12
4
14
15
1
6
5
3
1
3
1
6
10
2
3
3
2
24
3
3
10
5
3
8
5
7
8
3
3
3
3
3
3
12
3
11
1
21
2
9
9
2
8
2
4
1
8
14
5
8
2
2
4
2
3
29
9
4
2
4
1
4
15
2
1
3
3
7
3
3
6
36
6
3
6
3
6
6
1
46
3
1
2
3
3
8
5
36
14
3
1
19
1
2
6
4
2
9
3
2
2
4
2
40
16
4
1
2
56
6
11
3
3
39
3
9
18
4
1
21
7
5
2
8
8
12
5
1
4
2
3
2
5
13
8
8
6
4
2
8
19
1
6
35
1
20
5
14
3
1
28
2
3
5
4
1
1
26
3
2
5
1
2
3
2
2
17
4
5
2
6
4
6
5
22
16
10
4
101
4
3
4
3
2
3
2
3
2
7
23
3
3
2
1
7
3
4
3
2
6
15
3
72
2
10
4
6
1
Task two: 7676
